[[-1,-1,-1,-1,-1,3,-1,-1,-1,-1,-1,-1,-1,-1,-1,-1,-1,-1,-1,-1,-1,-1,-1,-1,-1,-1,-1,-1,-1,-1,], //0
[-1,-1,-1,-1,-1,3,-1,-1,-1,-1,-1,-1,-1,-1,-1,-1,-1,-1,-1,-1,-1,-1,-1,-1,-1,-1,-1,-1,-1,-1,], //1
[-1,-1,-1,-1,-1,3,-1,-1,-1,-1,-1,-1,-1,-1,-1,-1,-1,-1,-1,-1,-1,-1,-1,-1,-1,-1,-1,-1,-1,-1,], //2
[-1,-1,-1,-1,-1,3,-1,-1,-1,-1,-1,-1,-1,-1,-1,40,35,29,33,31,34,31,30,32,34,29,29,31,34,30,], //3
[27,27,27,27,27,27,27,27,27,42,-1,-1,-1,-1,-1,18,26,26,26,26,18,18,26,18,6,26,26,26,26,26,], //4
[26,14,23,26,26,19,22,26,24,43,-1,-1,-1,-1,-1,18,21,18,18,15,18,18,18,18,26,18,21,26,6,26,], //5
[1,1,1,1,1,1,1,1,3,-1,-1,-1,-1,-1,-1,18,18,18,26,18,21,18,18,13,18,26,26,18,26,26,], //6
[-1,-1,-1,-1,-1,-1,-1,-1,6,-1,-1,-1,-1,-1,-1,18,18,18,6,6,18,18,18,26,26,19,26,13,26,18,], //7
[-1,-1,-1,-1,-1,-1,-1,-1,3,-1,-1,-1,-1,-1,-1,41,13,18,13,18,18,15,18,18,18,18,18,18,18,18,], //8
[-1,-1,-1,-1,-1,-1,-1,-1,3,-1,-1,-1,-1,-1,-1,-1,-1,-1,-1,-1,-1,-1,-1,-1,-1,-1,-1,-1,-1,-1,], //9
[-1,-1,-1,-1,-1,-1,-1,-1,4,-1,-1,-1,-1,-1,-1,-1,-1,-1,-1,-1,-1,-1,-1,-1,-1,-1,-1,-1,-1,-1,], //10
[-1,-1,-1,-1,-1,-1,-1,-1,6,-1,-1,-1,-1,-1,-1,-1,-1,-1,-1,-1,-1,-1,-1,-1,-1,-1,-1,-1,-1,-1,], //11
[-1,-1,-1,-1,-1,-1,-1,-1,6,-1,-1,-1,-1,-1,-1,6,4,1,1,7,4,4,4,4,4,4,4,4,1,4,], //12
[-1,-1,-1,-1,-1,-1,-1,-1,6,-1,-1,-1,-1,-1,-1,6,4,4,4,6,6,2,6,2,6,4,4,4,1,4,], //13
[-1,-1,-1,-1,-1,-1,-1,-1,3,-1,-1,-1,-1,-1,-1,6,4,2,6,4,5,4,4,1,4,4,4,1,4,4,], //14
[-1,-1,-1,-1,-1,-1,-1,-1,4,-1,-1,-1,-1,-1,-1,6,4,4,6,4,4,6,4,4,1,4,4,3,4,4,] //15
]


[[-1,-1,-1,-1,-1,-1,-1,-1,-1,-1,-1,-1,-1,-1,-1,-1,-1,-1,-1,-1,-1,-1,-1,-1,-1,-1,-1,-1,-1,-1,], //0
[-1,-1,-1,-1,-1,-1,-1,-1,-1,-1,-1,-1,-1,-1,-1,-1,-1,-1,-1,-1,-1,-1,-1,-1,-1,-1,-1,-1,-1,-1,], //1
[-1,-1,-1,-1,-1,-1,-1,-1,-1,-1,-1,-1,-1,-1,-1,-1,-1,-1,-1,-1,-1,-1,-1,-1,-1,-1,-1,-1,-1,-1,], //2
[-1,-1,-1,-1,-1,-1,-1,-1,-1,-1,-1,-1,-1,-1,-1,-1,-1,-1,-1,-1,-1,-1,-1,-1,-1,-1,-1,-1,34,30,], //3
[27,27,27,27,27,27,27,27,27,42,-1,-1,-1,-1,-1,-1,-1,-1,-1,-1,-1,-1,-1,-1,-1,-1,-1,-1,26,26,], //4
[26,14,23,26,26,19,22,26,24,43,-1,-1,-1,-1,-1,-1,-1,-1,-1,-1,-1,-1,-1,-1,-1,-1,-1,-1,6,26,], //5
[1,1,1,1,1,1,1,1,3,-1,-1,-1,-1,-1,-1,-1,-1,-1,-1,-1,-1,-1,-1,-1,-1,-1,-1,-1,26,26,], //6
[-1,-1,-1,-1,-1,-1,-1,-1,6,-1,-1,-1,-1,-1,-1,-1,-1,-1,-1,-1,-1,-1,-1,-1,-1,-1,-1,-1,26,18,], //7
[-1,-1,-1,-1,-1,-1,-1,-1,3,-1,-1,-1,-1,-1,-1,-1,-1,-1,-1,-1,-1,-1,-1,-1,-1,-1,-1,-1,18,18,], //8
[9,-1,9,-1,9,-1,-1,-1,3,-1,-1,-1,-1,-1,-1,-1,-1,-1,-1,-1,-1,-1,-1,-1,-1,-1,-1,-1,-1,-1,], //9
[9,-1,9,-1,-1,-1,-1,-1,4,-1,-1,-1,-1,-1,-1,-1,-1,-1,-1,-1,-1,-1,-1,-1,-1,-1,-1,-1,-1,-1,], //10
[9,9,9,-1,9,-1,-1,-1,6,-1,-1,-1,-1,-1,-1,-1,-1,-1,-1,-1,-1,-1,-1,-1,-1,-1,-1,-1,-1,-1,], //11
[9,-1,9,-1,9,-1,-1,-1,6,-1,-1,-1,-1,-1,-1,-1,-1,-1,-1,-1,-1,-1,-1,-1,-1,-1,-1,-1,1,4,], //12
[9,-1,9,-1,9,-1,-1,-1,6,-1,-1,-1,-1,-1,-1,-1,-1,-1,-1,-1,-1,-1,-1,-1,-1,-1,-1,-1,1,4,], //13
[-1,-1,-1,-1,-1,-1,-1,-1,3,-1,-1,-1,-1,-1,-1,-1,-1,-1,-1,-1,-1,-1,-1,-1,-1,-1,-1,-1,4,4,], //14
[-1,-1,-1,-1,-1,-1,-1,-1,4,-1,-1,-1,-1,-1,-1,-1,-1,-1,-1,-1,-1,-1,-1,-1,-1,-1,-1,-1,4,4], //15
]

